image: batS.pgm
resolution: 0.020000
origin: [-6.064576, -10.118860, 0.000000]
negate: 0
occupied_thresh: 0.65
free_thresh: 0.196

